PW51
   1.00000	   0.00047
   0.99656	   0.00054
   0.99060	   0.00076
   0.98371	   0.00112
   0.97605	   0.00158
   0.96787	   0.00214
   0.95940	   0.00276
   0.95075	   0.00345
   0.94200	   0.00417
   0.93320	   0.00493
   0.92435	   0.00571
   0.91549	   0.00651
   0.90661	   0.00733
   0.89772	   0.00817
   0.88881	   0.00902
   0.87990	   0.00989
   0.87098	   0.01077
   0.86205	   0.01166
   0.85312	   0.01256
   0.84417	   0.01347
   0.83522	   0.01438
   0.82626	   0.01530
   0.81730	   0.01622
   0.80833	   0.01714
   0.79935	   0.01807
   0.79038	   0.01900
   0.78140	   0.01993
   0.77243	   0.02086
   0.76345	   0.02179
   0.75447	   0.02272
   0.74550	   0.02365
   0.73652	   0.02458
   0.72754	   0.02551
   0.71857	   0.02644
   0.70959	   0.02737
   0.70062	   0.02830
   0.69165	   0.02922
   0.68269	   0.03014
   0.67373	   0.03106
   0.66478	   0.03197
   0.65582	   0.03288
   0.64687	   0.03378
   0.63792	   0.03468
   0.62897	   0.03557
   0.62003	   0.03645
   0.61109	   0.03733
   0.60215	   0.03820
   0.59321	   0.03906
   0.58427	   0.03991
   0.57534	   0.04076
   0.56641	   0.04159
   0.55748	   0.04241
   0.54856	   0.04323
   0.53964	   0.04403
   0.53073	   0.04482
   0.52182	   0.04559
   0.51291	   0.04635
   0.50400	   0.04710
   0.49509	   0.04783
   0.48619	   0.04854
   0.47729	   0.04925
   0.46840	   0.04993
   0.45951	   0.05060
   0.45063	   0.05124
   0.44174	   0.05187
   0.43287	   0.05247
   0.42400	   0.05306
   0.41514	   0.05362
   0.40628	   0.05416
   0.39743	   0.05467
   0.38858	   0.05516
   0.37973	   0.05562
   0.37089	   0.05605
   0.36205	   0.05646
   0.35322	   0.05683
   0.34440	   0.05718
   0.33558	   0.05749
   0.32677	   0.05778
   0.31797	   0.05802
   0.30917	   0.05824
   0.30038	   0.05841
   0.29160	   0.05855
   0.28284	   0.05865
   0.27409	   0.05871
   0.26535	   0.05873
   0.25662	   0.05870
   0.24790	   0.05862
   0.23920	   0.05850
   0.23052	   0.05833
   0.22185	   0.05810
   0.21322	   0.05782
   0.20460	   0.05748
   0.19602	   0.05708
   0.18747	   0.05661
   0.17896	   0.05607
   0.17047	   0.05545
   0.16200	   0.05477
   0.15357	   0.05400
   0.14519	   0.05316
   0.13687	   0.05223
   0.12860	   0.05121
   0.12040	   0.05009
   0.11227	   0.04886
   0.10421	   0.04753
   0.09623	   0.04609
   0.08835	   0.04454
   0.08061	   0.04287
   0.07301	   0.04108
   0.06559	   0.03917
   0.05839	   0.03712
   0.05145	   0.03496
   0.04482	   0.03268
   0.03859	   0.03031
   0.03283	   0.02790
   0.02763	   0.02550
   0.02305	   0.02316
   0.01909	   0.02095
   0.01573	   0.01887
   0.01289	   0.01696
   0.01051	   0.01518
   0.00851	   0.01353
   0.00683	   0.01199
   0.00540	   0.01055
   0.00420	   0.00919
   0.00319	   0.00790
   0.00234	   0.00668
   0.00163	   0.00551
   0.00105	   0.00440
   0.00060	   0.00332
   0.00027	   0.00228
   0.00006	   0.00129
  -0.00001	   0.00033
   0.00005	  -0.00062
   0.00028	  -0.00159
   0.00068	  -0.00256
   0.00126	  -0.00350
   0.00202	  -0.00441
   0.00294	  -0.00530
   0.00402	  -0.00617
   0.00527	  -0.00705
   0.00671	  -0.00793
   0.00837	  -0.00885
   0.01029	  -0.00979
   0.01253	  -0.01076
   0.01517	  -0.01179
   0.01829	  -0.01287
   0.02201	  -0.01402
   0.02642	  -0.01523
   0.03161	  -0.01649
   0.03756	  -0.01776
   0.04419	  -0.01900
   0.05138	  -0.02019
   0.05898	  -0.02128
   0.06689	  -0.02230
   0.07501	  -0.02322
   0.08327	  -0.02406
   0.09163	  -0.02482
   0.10009	  -0.02550
   0.10862	  -0.02612
   0.11721	  -0.02668
   0.12584	  -0.02718
   0.13451	  -0.02762
   0.14323	  -0.02803
   0.15198	  -0.02839
   0.16075	  -0.02871
   0.16955	  -0.02899
   0.17837	  -0.02925
   0.18720	  -0.02948
   0.19604	  -0.02967
   0.20489	  -0.02984
   0.21376	  -0.02998
   0.22265	  -0.03010
   0.23155	  -0.03020
   0.24045	  -0.03028
   0.24935	  -0.03034
   0.25826	  -0.03038
   0.26718	  -0.03040
   0.27610	  -0.03040
   0.28502	  -0.03039
   0.29396	  -0.03036
   0.30290	  -0.03032
   0.31185	  -0.03027
   0.32080	  -0.03020
   0.32974	  -0.03013
   0.33869	  -0.03003
   0.34764	  -0.02993
   0.35659	  -0.02981
   0.36555	  -0.02968
   0.37451	  -0.02954
   0.38347	  -0.02939
   0.39244	  -0.02922
   0.40141	  -0.02905
   0.41038	  -0.02887
   0.41934	  -0.02868
   0.42831	  -0.02849
   0.43727	  -0.02828
   0.44624	  -0.02806
   0.45520	  -0.02783
   0.46417	  -0.02759
   0.47313	  -0.02734
   0.48210	  -0.02708
   0.49107	  -0.02682
   0.50005	  -0.02654
   0.50903	  -0.02626
   0.51801	  -0.02597
   0.52698	  -0.02568
   0.53594	  -0.02537
   0.54491	  -0.02506
   0.55388	  -0.02473
   0.56286	  -0.02440
   0.57184	  -0.02406
   0.58082	  -0.02371
   0.58979	  -0.02336
   0.59876	  -0.02300
   0.60774	  -0.02263
   0.61672	  -0.02225
   0.62570	  -0.02187
   0.63467	  -0.02148
   0.64365	  -0.02108
   0.65262	  -0.02068
   0.66159	  -0.02027
   0.67057	  -0.01985
   0.67955	  -0.01942
   0.68853	  -0.01899
   0.69750	  -0.01855
   0.70647	  -0.01810
   0.71545	  -0.01765
   0.72442	  -0.01719
   0.73340	  -0.01672
   0.74238	  -0.01625
   0.75136	  -0.01577
   0.76033	  -0.01528
   0.76931	  -0.01479
   0.77828	  -0.01429
   0.78725	  -0.01378
   0.79623	  -0.01327
   0.80520	  -0.01275
   0.81418	  -0.01222
   0.82315	  -0.01169
   0.83212	  -0.01115
   0.84109	  -0.01061
   0.85008	  -0.01005
   0.85907	  -0.00950
   0.86805	  -0.00894
   0.87703	  -0.00838
   0.88601	  -0.00781
   0.89499	  -0.00723
   0.90398	  -0.00665
   0.91298	  -0.00607
   0.92196	  -0.00549
   0.93093	  -0.00491
   0.93989	  -0.00432
   0.94884	  -0.00373
   0.95775	  -0.00315
   0.96655	  -0.00258
   0.97511	  -0.00203
   0.98317	  -0.00151
   0.99040	  -0.00104
   0.99653	  -0.00066
   1.00000	  -0.00047
